-8.870753349652015629e+01
-2.791493253079410408e+01
-4.727313026387638217e+01
1.270061371112160629e+02
6.130630434938321116e+01
-2.029000810957356293e+02
-4.701986708140231030e+01
-2.952395639897319768e+01
4.073120248611927963e+01
-3.088395637411974093e+01
1.189243040088549606e+02
-7.960899292517999015e+01
9.679028600156239293e+01
2.643381581432663197e+01
-6.812746626648760184e-01
-1.559706664475086058e+01
-4.871219780042725489e+01
3.290042588352841335e+01
1.843943065852838856e+02
-2.054536532560987894e+01
1.480098772924332593e+02
-7.237823479752623967e+00
3.458277371977594328e+01
1.311266805406222318e+02
-1.306260344868713119e+01
-8.027216425583962689e+01
-7.463692176650098986e+01
-8.181416064921992870e+01
-1.245022791070778396e+02
-2.781404416530579482e+01
3.717064415077844330e+01
-1.071603074863951832e+02
2.083227628653022379e+01
9.928138427861914295e+01
1.686315865987727847e+01
4.804356787134427975e+01
-1.551667722500999602e+00
1.686393558858326003e+02
2.753972927852366581e+01
-3.854700114578862014e+01
-1.565966199529472931e+02
9.042249666371471761e+00
1.808781296485440393e+01
1.142065506902003733e+02
-1.753986936580153042e+02
1.076906610787401064e+02
-2.150190636792794407e+02
2.164722100616505607e+00
-1.397321580457533514e+02
1.529492932463159036e+02
1.442017863472250028e+01
2.831483792776031905e+01
-4.159705537618179960e+01
5.025456418183046736e+01
6.398472308257829155e+01
2.246533386585598535e+01
-6.926342294089018026e+01
2.056446405629195056e+02
3.372791273382059671e+02
1.919414007917259539e+02
8.875388582043815688e+01
1.835390160628754757e+02
1.130095826789473250e+02
-3.665520099714998992e+01
-4.450180795007549506e+01
3.513902754519726557e+01
1.767671199514512921e+02
6.035307809896907116e+01
-7.908680684931593419e+01
-3.899069081545709636e+00
1.560528322925427460e+02
1.417121799688308954e+02
1.772920794181293758e+01
8.602026205339480214e+01
-4.739058945553345836e+01
-2.221149500804742161e+02
5.667570547625828681e+01
-1.573882066025915378e+02
-5.236516974321894224e+01
-3.551692147773460988e+02
4.804967029968304359e+01
-7.878604776376342045e+00
-3.578899610207258064e+01
8.176393873653779565e+01
-1.120223713099350675e+02
-1.695308716968264378e+02
-4.075836857330172336e+01
1.204886842919477772e+02
-1.200975641797092237e+02
-2.084802247203650722e+02
7.167102790488713993e+01
-7.527507203227105492e+01
-5.312424094736288538e+01
1.407987851953512006e+02
-3.341004264375583688e+01
2.299043531048447875e+01
5.436814023029204890e+01
-6.643729370044339078e+01
4.083413399540164335e+01
2.952256122228063617e+01
